10,161
10,232
10,284
10,97
10,93
10,117
8,7
8,8
8,5
8,11
8,15
8,16
8,6
8,2
8,3
20,3
20,2
20,1
19,3
19,2
19,1
18,3
18,1
14,3
14,1
13,3
13,1
12,3
12,2
12,1
11,30
11,29
11,28
11,27
11,26
11,25
11,24
11,23
11,22
11,21
11,19
11,18
11,16
11,15
11,13
11,12
11,11
11,10
11,9
11,8
11,7
11,4
11,3
11,2
11,1
10,301
10,289
10,281
10,266
10,250
10,248
10,235
10,222
10,166
10,157
10,150
10,140
10,136
10,130
10,124
10,118
10,113
10,102
10,92
10,87
10,86
10,85
10,82
10,78
10,75
10,72
10,70
10,24
10,20
10,4
10,3
10,2
10,1
